-5.000000000000000000e+00 -7.000000000000000000e+00
-4.836734693877550839e+00 -5.487041963807594236e+00
-4.673469387755101678e+00 -4.127489396424953938e+00
-4.510204081632653406e+00 -2.914814405562310640e+00
-4.346938775510204245e+00 -1.842489098929871005e+00
-4.183673469387755084e+00 -9.039855842378603512e-01
-4.020408163265305923e+00 -9.277596919650932250e-02
-3.857142857142857206e+00 5.976676384839647582e-01
-3.693877551020408490e+00 1.173873131093336575e+00
-3.530612244897959329e+00 1.642368400921384364e+00
-3.367346938775510168e+00 2.009681340257885473e+00
-3.204081632653061451e+00 2.282339841392617252e+00
-3.040816326530612290e+00 2.466871796615355272e+00
-2.877551020408163573e+00 2.569805098215879546e+00
-2.714285714285714413e+00 2.597667638483964758e+00
-2.551020408163265696e+00 2.556987309709390033e+00
-2.387755102040816535e+00 2.454292004181930054e+00
-2.224489795918367374e+00 2.296109614191365722e+00
-2.061224489795918657e+00 2.088968032027471722e+00
-1.897959183673469497e+00 1.839395149980025401e+00
-1.734693877551020780e+00 1.553918860338805441e+00
-1.571428571428571619e+00 1.239067055393586969e+00
-1.408163265306122902e+00 9.013676274341482220e-01
-1.244897959183673741e+00 5.473484687502661039e-01
-1.081632653061224580e+00 1.835374716317179633e-01
-9.183673469387754196e-01 -1.835374716317184074e-01
-7.551020408163271469e-01 -5.473484687502643276e-01
-5.918367346938779860e-01 -9.013676274341464456e-01
-4.285714285714288252e-01 -1.239067055393585637e+00
-2.653061224489796643e-01 -1.553918860338804331e+00
-1.020408163265313917e-01 -1.839395149980024069e+00
6.122448979591776919e-02 -2.088968032027470834e+00
2.244897959183669300e-01 -2.296109614191365278e+00
3.877551020408160909e-01 -2.454292004181930942e+00
5.510204081632652517e-01 -2.556987309709390033e+00
7.142857142857135244e-01 -2.597667638483964758e+00
8.775510204081626853e-01 -2.569805098215879546e+00
1.040816326530611846e+00 -2.466871796615356160e+00
1.204081632653061007e+00 -2.282339841392617252e+00
1.367346938775509280e+00 -2.009681340257887694e+00
1.530612244897958441e+00 -1.642368400921386584e+00
1.693877551020407601e+00 -1.173873131093338795e+00
1.857142857142856762e+00 -5.976676384839660905e-01
2.020408163265305923e+00 9.277596919650799023e-02
2.183673469387754196e+00 9.039855842378550221e-01
2.346938775510203357e+00 1.842489098929863900e+00
2.510204081632652517e+00 2.914814405562304422e+00
2.673469387755101678e+00 4.127489396424955714e+00
2.836734693877550839e+00 5.487041963807596012e+00
3.000000000000000000e+00 7.000000000000000000e+00
